100
42
882781519 882781519 882781519 882781519 882781519 882781519 882781519 508676681 508676681 508676681 508676681 508676681 508676681 508676681 508676681 688566809 688566809 688566809 688566809 688566809 66061356 888277562 472611458 472611458 499041381 499041381 499041381 499041381 499041381 499041381 83019364 83019364 83019364 83019364 83019364 83019364 83019364 83019364 83019364 213542891 213542891 6497771
49
623985606 623985606 623985606 623985606 623985606 63616619 152956981 152956981 152956981 831025705 831025705 831025705 831025705 831025705 831025705 831025705 936393874 936393874 936393874 936393874 936393874 936393874 936393874 936393874 127376845 127376845 127376845 127376845 886217464 886217464 886217464 886217464 587379778 587379778 587379778 587379778 587379778 587379778 587379778 587379778 193200868 193200868 193200868 193200868 193200868 171958792 200606891 200606891 176287550
41
898052967 898052967 898052967 898052967 898052967 898052967 898052967 898052967 833654342 16028195 16028195 16028195 16028195 16028195 16028195 16028195 16028195 16028195 503651749 503651749 503651749 503651749 503651749 503651749 503651749 945587 945587 945587 945587 945587 945587 945587 498766905 498766905 498766905 498766905 498766905 498766905 498766905 353558912 180123027
43
296410765 296410765 296410765 516794675 516794675 516794675 516794675 516794675 516794675 516794675 516794675 516794675 616403133 616403133 616403133 616403133 616403133 616403133 616403133 530537636 530537636 530537636 530537636 530537636 530537636 530537636 530537636 530537636 977995514 977995514 977995514 977995514 977995514 977995514 977995514 977995514 977995514 640816165 640816165 640816165 640816165 465003860 269505367
44
128654504 128654504 128654504 128654504 128654504 128654504 128654504 128654504 128654504 280511251 280511251 280511251 350071908 350071908 350071908 350071908 350071908 350071908 350071908 350071908 656599227 656599227 656599227 827440860 827440860 827440860 827440860 827440860 827440860 835711608 835711608 504153474 504153474 504153474 504153474 504153474 504153474 215944226 215944226 215944226 426882984 426882984 426882984 426882984
40
495817694 495817694 495817694 495817694 495817694 495817694 495817694 861039061 861039061 322400284 322400284 928009206 928009206 928009206 928009206 675017479 675017479 675017479 893267801 484616603 484616603 484616603 631715799 631715799 631715799 631715799 631715799 631715799 631715799 871922191 871922191 871922191 386396960 386396960 386396960 386396960 386396960 386396960 386396960 386396960
41
93911511 93911511 93911511 93911511 93911511 93911511 93911511 840622813 840622813 840622813 840622813 840622813 696851887 696851887 696851887 696851887 696851887 696851887 696851887 696851887 696851887 582352442 582352442 582352442 582352442 582352442 582352442 582352442 582352442 582352442 582352442 243074774 243074774 243074774 243074774 243074774 243074774 243074774 243074774 243074774 243074774
45
11363707 11363707 161566837 161566837 161566837 161566837 161566837 161566837 161566837 161566837 431381976 59723885 59723885 59723885 88636609 88636609 88636609 88636609 88636609 88636609 449424803 449424803 449424803 449424803 449424803 449424803 449424803 449424803 449424803 449424803 228615817 228615817 228615817 228615817 228615817 228615817 228615817 228615817 50738387 50738387 693200897 693200897 693200897 17477774 573935260
45
414963245 414963245 414963245 414963245 414963245 414963245 414963245 414963245 863718939 863718939 863718939 863718939 484847620 484847620 484847620 310677380 310677380 310677380 631880780 631880780 216525780 216525780 216525780 216525780 216525780 758040427 758040427 758040427 758040427 758040427 758040427 758040427 758040427 457842086 457842086 401874871 401874871 401874871 401874871 401874871 401874871 401874871 401874871 401874871 401874871
41
654333059 654333059 654333059 654333059 565509132 565509132 565509132 565509132 565509132 565509132 873234454 873234454 873234454 873234454 873234454 873234454 873234454 176335925 176335925 176335925 176335925 176335925 176335925 658822566 658822566 658822566 658822566 658822566 658822566 658822566 376485891 376485891 376485891 376485891 376485891 376485891 376485891 376485891 376485891 376485891 777311276
45
531167070 531167070 531167070 531167070 531167070 48336528 48336528 48336528 48336528 48336528 48336528 48336528 144938300 144938300 144938300 144938300 144938300 144938300 144938300 144938300 144938300 144938300 568257449 568257449 568257449 568257449 423919563 423919563 423919563 423919563 423919563 417287748 417287748 417287748 417287748 417287748 417287748 417287748 417287748 417287748 417287748 446045560 446045560 676022727 788997296
40
609550779 609550779 609550779 609550779 195148716 195148716 195148716 195148716 195148716 195148716 933762363 933762363 933762363 933762363 933762363 933762363 933762363 933762363 933762363 635780143 635780143 635780143 635780143 635780143 635780143 635780143 635780143 828893075 828893075 828893075 828893075 828893075 467288264 467288264 467288264 467288264 467288264 467288264 467288264 40840461
42
133723383 655350868 655350868 885329714 885329714 885329714 885329714 885329714 885329714 885329714 885329714 842476813 842476813 842476813 842476813 842476813 842476813 862948687 862948687 994767186 994767186 994767186 994767186 994767186 994767186 994767186 994767186 994767186 994767186 506649808 506649808 506649808 506649808 506649808 506649808 711006433 711006433 711006433 711006433 711006433 544084677 544084677
44
613223990 490622987 490622987 490622987 490622987 490622987 490622987 490622987 490622987 114782609 114782609 114782609 114782609 114782609 114782609 114782609 114782609 918355227 918355227 918355227 918355227 918355227 17267880 17267880 17267880 17267880 17267880 17267880 17267880 17267880 64155180 64155180 64155180 995863885 995863885 995863885 995863885 995863885 995863885 995863885 464134590 11424896 11424896 753848669
41
824867633 824867633 824867633 914683808 914683808 779456846 779456846 779456846 779456846 779456846 779456846 779456846 779456846 306485225 306485225 306485225 123097619 123097619 123097619 123097619 123097619 123097619 123097619 947911357 947911357 947911357 947911357 947911357 947911357 947911357 947911357 947911357 947911357 398677373 398677373 287153817 287153817 287153817 287153817 287153817 287153817
41
973717598 973717598 973717598 481567744 481567744 481567744 381581550 381581550 381581550 381581550 458433083 458433083 458433083 678747859 678747859 678747859 678747859 678747859 863853564 863853564 863853564 863853564 863853564 863853564 863853564 863853564 863853564 863853564 52278024 52278024 52278024 52278024 963915460 963915460 770160526 770160526 770160526 770160526 770160526 406116337 96411537
42
669150852 669150852 669150852 669150852 669150852 669150852 95304590 95304590 95304590 66573208 209809793 209809793 209809793 209809793 209809793 209809793 209809793 209809793 209809793 946771500 946771500 946771500 946771500 946771500 946771500 946771500 946771500 946771500 523084777 523084777 523084777 523084777 523084777 523084777 523084777 523084777 523084777 523084777 794970151 990912132 990912132 233654371
43
58691184 58691184 58691184 58691184 58691184 58691184 58691184 58691184 58691184 665127426 665127426 665127426 665127426 665127426 665127426 665127426 665127426 665127426 665127426 76588410 76588410 76588410 76588410 76588410 954211875 954211875 954211875 673673509 673673509 673673509 673673509 673673509 267204277 267204277 267204277 267204277 267204277 267204277 267204277 267204277 267204277 267204277 358214547
50
778442312 778442312 778442312 778442312 778442312 778442312 778442312 778442312 74063467 254562451 254562451 254562451 254562451 254562451 254562451 254562451 254562451 506363591 506363591 506363591 506363591 506363591 506363591 506363591 315739613 315739613 315739613 315739613 315739613 315739613 315739613 315739613 27162672 27162672 27162672 27162672 27162672 27162672 27162672 27162672 27162672 938571555 938571555 938571555 770911668 218289373 218289373 522982199 522982199 522982199
44
583626410 583626410 583626410 583626410 583626410 583626410 583626410 583626410 583626410 583626410 679278126 679278126 679278126 679278126 679278126 679278126 679278126 679278126 679278126 319469469 76154858 76154858 76154858 76154858 76154858 76154858 76154858 76154858 469525084 469525084 469525084 469525084 940376834 940376834 940376834 940376834 852140294 852140294 852140294 852140294 852140294 852140294 852140294 852140294
8
3 4 1 4 2 5 3 1
42
47639875 14293491 2840739 2840739 2840739 2840739 2840739 2840739 2840739 2840739 2840739 941130846 941130846 941130846 941130846 941130846 941130846 96633427 96633427 96633427 96633427 96633427 96633427 96633427 96633427 224138808 684144614 684144614 684144614 684144614 994510084 391930278 391930278 391930278 391930278 391930278 391930278 391930278 391930278 391930278 391930278 539939117
49
500184496 754905072 754905072 430701024 430701024 430701024 430701024 430701024 430701024 430701024 430701024 838050762 739926957 739926957 739926957 739926957 739926957 739926957 739926957 739926957 739926957 739926957 743484124 743484124 743484124 743484124 743484124 178517358 178517358 178517358 178517358 178517358 178517358 178517358 713263017 713263017 713263017 713263017 713263017 713263017 713263017 22399893 22399893 22399893 22399893 22399893 22399893 888228546 513863959
40
145579746 564538421 564538421 564538421 285471398 285471398 285471398 285471398 285471398 245992846 245992846 245992846 245992846 245992846 596655642 596655642 596655642 596655642 596655642 596655642 596655642 596655642 596655642 596655642 114735373 114735373 114735373 114735373 114735373 114735373 118722831 118722831 118722831 118722831 118722831 118722831 118722831 180108265 704950579 403538090
41
305517864 305517864 305517864 305517864 305517864 563668876 563668876 563668876 563668876 841002387 19608111 36138526 36138526 36138526 36138526 556612063 556612063 556612063 556612063 556612063 978822856 978822856 978822856 126543211 126543211 126543211 126543211 126543211 126543211 126543211 126543211 780725075 780725075 780725075 780725075 780725075 780725075 780725075 984404736 198424433 169616405
49
398344288 398344288 398344288 398344288 398344288 398344288 591795655 948458848 948458848 301506869 301506869 301506869 301506869 301506869 301506869 393911218 393911218 393911218 393911218 393911218 393911218 393911218 785087132 785087132 354831336 354831336 354831336 672876204 672876204 850151300 850151300 850151300 850151300 850151300 6015264 6015264 6015264 6015264 6015264 6015264 262653268 262653268 862837228 862837228 862837228 862837228 862837228 269054658 269054658
41
531106995 531106995 351076153 351076153 351076153 351076153 351076153 351076153 862806557 862806557 862806557 862806557 862806557 862806557 862806557 437512857 437512857 437512857 437512857 437512857 437512857 437512857 437512857 437512857 437512857 109011573 109011573 109011573 105428837 105428837 105428837 105428837 105428837 105428837 105428837 105428837 345675610 345675610 345675610 345675610 345675610
40
552320462 552320462 887633120 887633120 887633120 887633120 887633120 887633120 887633120 887633120 887633120 251265908 251265908 251265908 251265908 251265908 251265908 251265908 251265908 251265908 24061123 24061123 24061123 24061123 24061123 24061123 24061123 24061123 707150021 707150021 672769411 672769411 272829025 272829025 272829025 987631895 987631895 987631895 147958687 267079485
47
705594071 705594071 705594071 705594071 705594071 705594071 76054582 76054582 76054582 918341663 918341663 918341663 918341663 918341663 918341663 918341663 926119602 926119602 926119602 489708632 489708632 416291874 416291874 416291874 416291874 416291874 429541080 429541080 429541080 429541080 429541080 429541080 429541080 883237921 141248251 141248251 141248251 141248251 141248251 653633458 653633458 653633458 653633458 653633458 653633458 389566705 636169918
47
791896992 791896992 791896992 791896992 791896992 791896992 791896992 612495545 612495545 612495545 612495545 612495545 846072571 846072571 846072571 846072571 659238096 659238096 659238096 659238096 659238096 659238096 659238096 747163301 747163301 747163301 747163301 747163301 492481359 492481359 492481359 492481359 492481359 492481359 492481359 346140748 346140748 346140748 346140748 346140748 346140748 346140748 346140748 811939620 811939620 811939620 811939620
50
127744146 127744146 127744146 127744146 127744146 897489139 897489139 897489139 897489139 897489139 556038977 556038977 556038977 556038977 556038977 556038977 556038977 556038977 556038977 556038977 1776036 1776036 1776036 1776036 1776036 1776036 676655455 676655455 676655455 676655455 704312545 704312545 704312545 704312545 704312545 704312545 704312545 704312545 704312545 704312545 731206745 731206745 731206745 731206745 731206745 731206745 731206745 731206745 497290692 497290692
43
86803594 86803594 86803594 86803594 86803594 86803594 86803594 833069945 833069945 833069945 833069945 833069945 833069945 833069945 833069945 833069945 676116365 676116365 676116365 676116365 676116365 676116365 676116365 25269797 25269797 25269797 941807481 941807481 941807481 874466782 874466782 681123290 681123290 681123290 681123290 681123290 681123290 681123290 681123290 681123290 836175724 836175724 836175724
49
187465570 187465570 187465570 187465570 187465570 187465570 187465570 187465570 187465570 820631350 820631350 820631350 820631350 820631350 820631350 820631350 820631350 255413889 255413889 255413889 255413889 255413889 255413889 255413889 255413889 255413889 255413889 273373567 273373567 273373567 273373567 273373567 273373567 273373567 273373567 273373567 273373567 250703920 250703920 250703920 250703920 668481664 668481664 668481664 668481664 750801629 750801629 750801629 750801629
4
1 5 3 1
49
250216693 250216693 250216693 250216693 250216693 250216693 250216693 250216693 589974345 589974345 589974345 583909628 583909628 338613706 338613706 338613706 338613706 661482297 661482297 661482297 661482297 661482297 661482297 661482297 661482297 661482297 661482297 300263621 300263621 300263621 300263621 300263621 300263621 300263621 300263621 241974522 241974522 241974522 139847733 139847733 139847733 139847733 139847733 699930107 699930107 699930107 785208512 785208512 785208512
41
529333825 310790116 310790116 310790116 165916798 165916798 165916798 165916798 194685916 194685916 194685916 194685916 194685916 194685916 194685916 194685916 194685916 163072902 163072902 163072902 163072902 163072902 163072902 470127082 470127082 470127082 791534529 890485476 517018249 517018249 517018249 517018249 517018249 517018249 62682657 62682657 62682657 62682657 62682657 152025415 400616152
43
93534 531337165 531337165 531337165 663980496 663980496 663980496 663980496 802942153 802942153 802942153 802942153 802942153 802942153 802942153 802942153 646442912 646442912 646442912 646442912 966738866 966738866 966738866 966738866 966738866 966738866 966738866 966738866 898695123 898695123 898695123 898695123 898695123 898695123 898695123 898695123 711640661 711640661 711640661 711640661 711640661 711640661 711640661
50
666048359 666048359 666048359 666048359 666048359 666048359 666048359 666048359 666048359 666048359 727943290 727943290 727943290 727943290 727943290 727943290 727943290 568486232 568486232 568486232 568486232 568486232 182387749 528304291 528304291 787910697 787910697 787910697 787910697 787910697 787910697 787910697 787910697 787910697 787910697 754350008 754350008 754350008 754350008 754350008 754350008 754350008 693882754 693882754 882994578 882994578 882994578 882994578 187603244 472463670
45
432544452 612239442 612239442 612239442 612239442 612239442 612239442 612239442 612239442 276926629 276926629 276926629 276926629 276926629 276926629 276926629 276926629 276926629 276926629 883138787 883138787 883138787 883138787 883138787 883138787 883138787 883138787 883138787 497177269 497177269 497177269 497177269 497177269 497177269 497177269 497177269 497177269 497177269 166511845 166511845 166511845 166511845 166511845 166511845 166511845
49
507777638 507777638 32898466 618576499 618576499 618576499 618576499 618576499 618576499 942856755 68639988 45743173 471548245 471548245 471548245 471548245 471548245 471548245 471548245 471548245 471548245 471548245 468653237 468653237 944928373 944928373 944928373 944928373 944928373 944928373 944928373 944928373 846834369 846834369 846834369 846834369 69585223 69585223 69585223 69585223 69585223 69585223 401836517 401836517 401836517 401836517 401836517 861689269 861689269
48
685306079 685306079 685306079 685306079 905511981 905511981 905511981 905511981 905511981 905511981 115184875 115184875 115184875 115184875 115184875 115184875 298559420 650171945 650171945 650171945 650171945 650171945 650171945 650171945 650171945 650171945 344226783 344226783 344226783 344226783 344226783 344226783 344226783 344226783 66124125 66124125 66124125 66124125 66124125 66124125 66124125 66124125 66124125 66124125 113096509 113096509 18491404 18491404
44
398153042 398153042 398153042 398153042 398153042 398153042 398153042 398153042 398153042 398153042 115017343 115017343 115017343 115017343 115017343 115017343 115017343 115017343 115017343 115017343 23904295 730453404 730453404 730453404 730453404 45349815 45349815 45349815 45349815 45349815 34941295 34941295 34941295 34941295 34941295 34941295 34941295 34941295 34941295 34941295 433518631 433518631 433518631 502058789
49
493532471 493532471 493532471 493532471 493532471 493532471 493532471 493532471 493532471 493532471 381292738 381292738 851002358 851002358 851002358 851002358 851002358 20417630 20417630 20417630 20417630 20417630 20417630 20417630 20417630 20417630 20417630 869724525 869724525 869724525 869724525 869724525 869724525 869724525 869724525 869724525 76580845 76580845 76580845 353905244 93104264 93104264 93104264 976489925 976489925 976489925 976489925 976489925 976489925
43
662208447 662208447 662208447 662208447 662208447 662208447 662208447 662208447 662208447 662208447 262623083 262623083 262623083 262623083 262623083 262623083 262623083 61814895 61814895 296196988 296196988 171190669 171190669 343911857 464985889 464985889 600803006 600803006 600803006 600803006 600803006 886802208 491362847 90727140 90727140 90727140 90727140 90727140 90727140 90727140 355048418 142178545 142178545
48
235436054 235436054 235436054 235436054 235436054 235436054 235436054 235436054 235436054 235436054 780710075 780710075 780710075 780710075 780710075 780710075 780710075 780710075 780710075 780710075 246346122 246346122 246346122 246346122 505823169 505823169 505823169 505823169 505823169 505823169 505823169 505823169 505823169 505823169 649981383 649981383 649981383 649981383 649981383 951970611 951970611 951970611 951970611 951970611 951970611 951970611 951970611 630961772
44
863071228 863071228 863071228 863071228 863071228 647400128 603326657 603326657 603326657 603326657 603326657 394763458 394763458 394763458 394763458 394763458 394763458 394763458 394763458 634459266 588626598 588626598 503134230 503134230 503134230 503134230 503134230 503134230 503134230 503134230 503134230 503134230 400311094 400311094 400311094 400311094 400311094 628377696 628377696 628377696 628377696 942486385 115321469 115321469
44
588376782 588376782 588376782 588376782 588376782 588376782 588376782 588376782 588376782 181388976 285013621 285013621 285013621 285013621 285013621 285013621 285013621 285013621 285013621 995251578 995251578 995251578 995251578 995251578 995251578 512231402 512231402 512231402 512231402 512231402 512231402 512231402 512231402 512231402 512231402 103649927 103649927 103649927 103649927 103649927 103649927 84896098 98977893 98977893
46
691541398 691541398 691541398 691541398 691541398 691541398 691541398 691541398 644198667 644198667 644198667 644198667 644198667 644198667 644198667 644198667 644198667 577309646 577309646 577309646 577309646 577309646 118264013 118264013 118264013 118264013 118264013 118264013 118264013 118264013 118264013 510555884 510555884 510555884 510555884 510555884 510555884 510555884 852005241 852005241 852005241 852005241 852005241 852005241 605749197 605749197
41
937947506 937947506 937947506 647691279 647691279 647691279 971310110 971310110 971310110 971310110 971310110 971310110 397800268 397800268 397800268 397800268 397800268 397800268 397800268 397800268 397800268 397800268 272285675 272285675 272285675 272285675 272285675 272285675 272285675 272285675 272285675 209848311 209848311 209848311 209848311 209848311 209848311 209848311 209848311 209848311 209848311
3
233 233 233
47
88889633 88889633 88889633 88889633 88889633 88889633 88889633 88889633 833208350 833208350 833208350 833208350 833208350 833208350 833208350 833208350 833208350 119677727 119677727 119677727 119677727 562596234 562596234 562596234 562596234 562596234 562596234 562596234 562596234 562596234 437808764 293836225 293836225 293836225 293836225 293836225 325564208 325564208 325564208 325564208 325564208 325564208 158587549 158587549 158587549 215666050 215666050
46
855277967 855277967 855277967 855277967 855277967 855277967 966927539 966927539 966927539 966927539 966927539 966927539 979711862 979711862 979711862 942158762 942158762 942158762 942158762 942158762 942158762 942158762 942158762 374022140 374022140 374022140 159831386 159831386 159831386 159831386 159831386 159831386 159831386 159831386 780340169 282619928 282619928 282619928 282619928 282619928 282619928 282619928 282619928 478782651 478782651 855954558
41
364817117 364817117 364817117 849762511 849762511 849762511 849762511 353162147 353162147 353162147 353162147 107119165 107119165 107119165 107119165 107119165 107119165 107119165 107119165 107119165 725718491 26041684 26041684 26041684 26041684 26041684 26041684 26041684 26041684 297019334 297019334 297019334 839770321 839770321 906203080 906203080 906203080 906203080 906203080 906203080 356537848
45
370772529 370772529 370772529 370772529 370772529 370772529 370772529 370772529 370772529 370772529 780260168 780260168 780260168 535347098 535347098 535347098 535347098 535347098 535347098 535347098 535347098 535347098 535347098 77333653 77333653 77333653 77333653 77333653 77333653 77333653 483475367 483475367 483475367 483475367 483475367 483475367 483475367 106204936 106204936 106204936 106204936 106204936 106204936 106204936 152741235
44
817954461 357408787 256195773 256195773 256195773 256195773 256195773 359444650 359444650 359444650 359444650 359444650 359444650 302788619 302788619 302788619 104333433 838870792 838870792 838870792 838870792 838870792 718518143 718518143 718518143 718518143 718518143 718518143 780034894 780034894 780034894 860751414 860751414 860751414 860751414 860751414 860751414 860751414 590324739 590324739 590324739 590324739 590324739 137421576
44
115523659 115523659 686776681 686776681 686776681 686776681 686776681 796883082 796883082 796883082 796883082 796883082 796883082 796883082 633629674 633629674 633629674 633629674 633629674 633629674 633629674 633629674 216195858 216195858 216195858 216195858 216195858 216195858 216195858 216195858 573540988 573540988 573540988 573540988 573540988 594848336 594848336 594848336 594848336 702709888 702709888 702709888 702709888 232478673
47
759124185 759124185 759124185 759124185 759124185 759124185 115308959 115308959 115308959 115308959 115308959 115308959 251560757 251560757 251560757 451304087 451304087 451304087 451304087 451304087 451304087 451304087 451304087 451304087 110237369 110237369 110237369 110237369 110237369 496059638 496059638 496059638 496059638 496059638 496059638 496059638 5440027 5440027 5440027 5440027 5440027 5440027 5440027 5440027 5440027 5440027 275521079
42
618544551 618544551 618544551 618544551 618544551 59573491 59573491 59573491 59573491 59573491 59573491 59573491 59573491 59573491 892625342 892625342 892625342 892625342 892625342 85169752 85169752 85169752 85169752 85169752 85169752 85169752 85169752 85169752 723242837 723242837 723242837 723242837 723242837 723242837 723242837 723242837 723242837 408158006 408158006 408158006 408158006 408158006
50
148631634 148631634 148631634 148631634 148631634 148631634 148631634 148631634 148631634 272948291 955259796 955259796 955259796 955259796 236039315 236039315 236039315 236039315 216760535 216760535 887792696 887792696 887792696 201245659 201245659 201245659 914255229 81111605 81111605 81111605 81111605 81111605 81111605 81111605 81111605 81111605 81111605 291812233 291812233 291812233 291812233 291812233 291812233 291812233 338048258 338048258 24954377 24954377 24954377 812844063
46
198216384 198216384 198216384 198216384 198216384 198216384 198216384 198216384 100180852 100180852 100180852 100180852 521227857 521227857 521227857 521227857 521227857 521227857 521227857 521227857 521227857 384434627 384434627 384434627 384434627 905131080 905131080 905131080 905131080 905131080 905131080 905131080 905131080 905131080 325757266 325757266 325757266 325757266 325757266 325757266 220222382 258946360 578966396 578966396 578966396 578966396
43
157639019 157639019 157639019 157639019 157639019 157639019 157639019 105663522 105663522 105663522 105663522 105663522 147287299 147287299 897622518 897622518 897622518 963161189 963161189 963161189 963161189 963161189 978440905 978440905 978440905 978440905 978440905 978440905 978440905 127697080 127697080 127697080 127697080 381898652 381898652 381898652 381898652 381898652 381898652 381898652 381898652 121751255 121751255
42
855040120 855040120 855040120 855040120 855040120 855040120 855040120 855040120 855040120 855040120 20084820 20084820 20084820 20084820 286063842 160023248 160023248 160023248 160023248 61236299 61236299 61236299 967076666 967076666 967076666 967076666 419312479 419312479 419312479 419312479 419312479 419312479 94157028 94157028 94157028 94157028 78499274 78499274 78629505 78629505 531289479 531289479
44
404311989 404311989 404311989 404311989 404311989 404311989 404311989 404311989 444722561 444722561 444722561 444722561 444722561 444722561 444722561 444722561 444722561 489111738 489111738 489111738 489111738 489111738 489111738 489111738 66585744 66585744 66585744 66585744 66585744 66585744 66585744 208939225 208939225 208939225 208939225 208939225 208939225 966062660 966062660 966062660 966062660 966062660 338230548 338230548
46
15058813 15058813 15058813 15058813 15058813 238446179 238446179 238446179 238446179 238446179 238446179 238446179 238446179 238446179 238446179 63853157 63853157 63853157 123515900 123515900 123515900 123515900 123515900 123515900 123515900 123515900 123515900 87644475 87644475 87644475 87644475 87644475 87644475 87644475 87644475 87644475 491034935 491034935 491034935 491034935 491034935 491034935 491034935 491034935 491034935 930362799
42
948168341 892405652 892405652 892405652 892405652 892405652 892405652 892405652 892405652 892405652 892405652 669642705 669642705 669642705 669109385 669109385 484798746 484798746 484798746 484798746 484798746 484798746 484798746 484798746 484798746 484798746 127933239 141892818 141892818 141892818 141892818 141892818 489790382 489790382 489790382 489790382 489790382 489790382 594798144 594798144 594798144 594798144
46
458245574 458245574 458245574 458245574 458245574 458245574 458245574 458245574 78767469 78767469 78767469 220809954 220809954 220809954 997721691 997721691 997721691 997721691 997721691 751613138 751613138 43588212 43588212 105507229 105507229 105507229 105507229 44614001 44614001 44614001 44614001 52251993 52251993 52251993 52251993 52251993 52251993 964528638 964528638 964528638 964528638 716143590 716143590 158463680 158463680 158463680
44
278432369 278432369 278432369 278432369 278432369 278432369 51799349 51799349 51799349 600140775 600140775 557430681 778995216 778995216 778995216 778995216 778995216 778995216 778995216 778995216 778995216 778995216 281434360 281434360 281434360 281434360 281434360 281434360 281434360 281434360 391790076 391790076 391790076 391790076 391790076 391790076 391790076 391790076 621254394 621254394 800319247 800319247 800319247 800319247
44
644407356 67643025 67643025 928317655 928317655 928317655 928317655 476035097 476035097 476035097 476035097 476035097 476035097 476035097 648756959 648756959 648756959 648756959 648756959 648756959 648756959 648756959 762593417 762593417 762593417 762593417 762593417 762593417 762593417 762593417 631044819 631044819 631044819 631044819 631044819 631044819 703325836 703325836 703325836 703325836 703325836 703325836 703325836 628107821
41
297177738 297177738 297177738 297177738 297177738 297177738 915247455 915247455 915247455 915247455 915247455 437421203 437421203 437421203 437421203 437421203 437421203 437421203 437421203 437421203 593783366 593783366 593783366 593783366 593783366 593783366 593783366 593783366 593783366 593783366 477409028 477409028 477409028 477409028 477409028 477409028 477409028 54022470 54022470 54022470 355944408
42
847388970 847388970 110409169 110409169 110409169 110409169 110409169 110409169 110409169 421574539 673483141 673483141 673483141 673483141 673483141 673483141 341599366 341599366 56460820 595548694 595548694 147803855 147803855 147803855 147803855 147803855 147803855 147803855 147803855 147803855 779850391 779850391 779850391 779850391 779850391 779850391 182391554 182391554 182391554 182391554 182391554 987627620
41
122796675 122796675 122796675 122796675 122796675 122796675 122796675 122796675 122796675 122796675 768130444 768130444 768130444 768130444 768130444 768130444 756284165 756284165 823053687 823053687 823053687 823053687 823053687 823053687 823053687 774471677 774471677 774471677 774471677 774471677 774471677 774471677 774471677 197625608 197625608 197625608 197625608 197625608 197625608 197625608 197625608
50
129027529 129027529 129027529 129027529 129027529 129027529 401034352 401034352 401034352 401034352 401034352 401034352 512527683 512527683 512527683 512527683 512527683 512527683 512527683 512527683 509636765 509636765 509636765 509636765 509636765 509636765 509636765 509636765 783544196 296037519 296037519 246030975 246030975 246030975 246030975 246030975 246030975 67046467 67046467 760637388 760637388 760637388 760637388 10931158 862351396 862351396 862351396 862351396 862351396 862351396
40
318733258 318733258 318733258 318733258 318733258 318733258 955535170 955535170 955535170 955535170 955535170 955535170 50620664 50620664 50620664 50620664 324214134 324214134 324214134 324214134 324214134 324214134 324214134 324214134 427327753 427327753 427327753 427327753 372680270 372680270 372680270 372680270 372680270 372680270 372680270 712302534 351511831 351511831 351511831 351511831
4
2 2 3 3
47
815498466 815498466 815498466 815498466 176795435 176795435 176795435 19440107 19440107 19440107 19440107 19440107 19440107 19440107 19440107 19440107 19440107 215419764 215419764 215419764 215419764 215419764 215419764 214853502 214853502 554705920 554705920 554705920 554705920 554705920 103810847 103810847 103810847 103810847 103810847 77359607 77359607 77359607 77359607 77359607 60711598 41100590 77044924 77044924 52020925 52020925 52020925
42
458462493 458462493 280351554 280351554 280351554 133520245 133520245 133520245 133520245 133520245 133520245 289053498 892300238 892300238 892300238 892300238 892300238 892300238 892300238 370111673 370111673 370111673 370111673 370111673 370111673 239632399 239632399 95854937 95854937 95854937 95854937 95854937 95854937 95854937 95854937 95854937 101689488 101689488 36959104 36959104 352895966 352895966
5
2 3 3 4 3
41
521895451 521895451 521895451 521895451 521895451 521895451 521895451 521895451 521895451 150603079 150603079 150603079 150603079 140024940 140024940 140024940 140024940 140024940 140024940 140024940 140024940 140024940 140024940 543579005 543579005 543579005 543579005 543579005 543579005 543579005 543579005 543579005 543579005 123297046 123297046 123297046 123297046 123297046 123297046 123297046 854605103
50
416587715 374312001 374312001 374312001 374312001 374312001 223223912 223223912 223223912 21266664 21266664 21266664 21266664 21266664 21266664 21266664 21266664 446366015 446366015 446366015 446366015 446366015 446366015 446366015 446366015 809488584 456554278 456554278 456554278 456554278 456554278 456554278 456554278 456554278 456554278 753221984 753221984 753221984 753221984 753221984 359788334 730448984 122950185 122950185 122950185 122950185 924628826 924628826 924628826 924628826
42
213042744 213042744 213042744 213042744 213042744 213042744 213042744 213042744 213042744 213042744 94413022 601234793 601234793 442553517 442553517 442553517 775492258 775492258 775492258 775492258 775492258 775492258 775492258 775492258 775492258 775492258 928594572 928594572 928594572 928594572 845349623 845349623 363408513 363408513 363408513 363408513 363408513 363408513 363408513 363408513 609578139 77435202
43
569372745 569372745 569372745 569372745 569372745 569372745 569372745 569372745 68151989 68151989 68151989 435342592 435342592 435342592 435342592 435342592 435342592 435342592 435342592 69339194 69339194 13841124 238320760 238320760 238320760 238320760 238320760 238320760 238320760 238320760 238320760 238320760 874302531 874302531 874302531 874302531 874302531 874302531 874302531 874302531 13956354 13956354 897465184
44
130443707 130443707 130443707 130443707 997941237 49063621 49063621 49063621 49063621 49063621 49063621 49063621 49063621 865948553 865948553 865948553 865948553 865948553 865948553 865948553 865948553 865948553 105583542 105583542 105583542 105583542 105583542 105583542 105583542 731907597 731907597 731907597 391191967 391191967 391191967 391191967 391191967 391191967 391191967 391191967 391191967 391191967 347065851 78912358
49
920630332 920630332 920630332 920630332 920630332 920630332 920630332 920630332 807620622 807620622 807620622 458649693 523233765 523233765 523233765 523233765 858178696 858178696 858178696 858178696 38612340 38612340 38612340 38612340 701265024 701265024 701265024 701265024 701265024 701265024 701265024 701265024 392463367 392463367 392463367 392463367 392463367 392463367 882709861 882709861 882709861 882709861 882709861 108800446 108800446 593462190 128820506 128820506 128820506
43
178966164 178966164 178966164 178966164 178966164 178966164 229606992 229606992 374270333 374270333 374270333 374270333 374270333 374270333 374270333 374270333 530821195 530821195 530821195 530821195 530821195 530821195 530821195 65026470 65026470 65026470 65026470 65026470 65026470 65026470 976808437 976808437 976808437 976808437 976808437 976808437 976808437 198916943 198916943 198916943 198916943 198916943 198916943
46
717850889 717850889 717850889 717850889 717850889 717850889 717850889 717850889 596157829 596157829 596157829 596157829 596157829 596157829 596157829 159907431 159907431 159907431 159907431 159907431 159907431 159907431 159907431 159907431 589782443 589782443 589782443 589782443 589782443 32701285 32701285 943295350 943295350 943295350 943295350 943295350 943295350 793224178 793224178 793224178 793224178 793224178 793224178 793224178 793224178 872168330
41
279697302 279697302 279697302 279697302 279697302 279697302 64505458 64505458 64505458 64505458 64505458 64505458 64505458 64505458 124218807 131470530 131470530 263948613 412639937 412639937 412639937 412639937 412639937 111137571 111137571 111137571 111137571 860157414 860157414 860157414 625663848 625663848 625663848 625663848 625663848 625663848 625663848 967772935 967772935 967772935 967772935
42
358047433 358047433 358047433 358047433 935030211 935030211 935030211 935030211 935030211 935030211 935030211 935030211 28582198 28582198 28582198 28582198 28582198 28582198 28582198 18316063 18316063 18316063 18316063 18316063 18316063 18316063 518731095 518731095 518731095 518731095 518731095 518731095 518731095 518731095 518731095 518731095 377933030 377933030 377933030 377933030 377933030 377933030
47
456996199 456996199 456996199 456996199 456996199 456996199 456996199 6127706 6127706 6127706 404217550 404217550 404217550 404217550 404217550 404217550 5608193 5608193 5608193 5608193 5608193 5608193 5608193 5608193 5608193 5608193 964747092 964747092 964747092 964747092 964747092 964747092 964747092 33194924 33194924 33194924 33194924 33194924 33194924 33194924 969087763 969087763 969087763 969087763 969087763 969087763 969087763
44
95494776 395444483 395444483 395444483 395444483 395444483 395444483 395444483 395444483 395444483 395444483 312345727 312345727 312345727 312345727 312345727 589741270 589741270 589741270 589741270 589741270 589741270 589741270 589741270 499516866 499516866 499516866 499516866 499516866 499516866 388789502 388789502 388789502 388789502 388789502 388789502 567138627 567138627 567138627 567138627 567138627 567138627 870826957 499581939
48
864591896 864591896 864591896 864591896 725793213 725793213 725793213 512208625 512208625 512208625 512208625 512208625 512208625 512208625 512208625 512208625 512208625 672333700 672333700 672333700 672333700 672333700 672333700 672333700 636728435 636728435 636728435 636728435 636728435 636728435 636728435 311849341 311849341 311849341 311849341 950995822 950995822 950995822 950995822 882049096 882049096 35553593 35553593 35553593 35553593 246283936 246283936 939118612
43
921683995 921683995 921683995 921683995 921683995 921683995 921683995 921683995 938666872 938666872 938666872 938666872 938666872 938666872 938666872 938666872 938666872 289338690 289338690 665227109 665227109 665227109 665227109 665227109 665227109 665227109 665227109 665227109 31166842 31166842 31166842 31166842 31166842 31166842 31166842 31166842 31166842 31166842 147358030 258340591 258340591 260658379 260658379
44
81095022 81095022 81095022 81095022 44334598 44334598 44334598 44334598 44334598 44334598 44334598 44334598 44334598 44334598 389332031 389332031 389332031 389332031 389332031 389332031 389332031 389332031 701360257 701360257 709538186 709538186 851083615 851083615 851083615 851083615 851083615 851083615 851083615 851083615 851083615 851083615 751971877 751971877 946263670 946263670 946263670 572771420 572771420 572771420
40
947651631 947651631 947651631 947651631 947651631 947651631 947651631 98428969 98428969 98428969 390961022 390961022 390961022 390961022 390961022 390961022 390961022 259090051 43559604 614599424 614599424 614599424 614599424 614599424 614599424 614599424 614599424 614599424 564562141 564562141 564562141 564562141 564562141 103762178 103762178 580050415 580050415 580050415 836159671 836159671
1
233
41
303508343 303508343 303508343 303508343 804304057 804304057 804304057 804304057 804304057 635975488 635975488 635975488 635975488 635975488 388845228 388845228 388845228 388845228 423911119 572333759 572333759 572333759 572333759 572333759 572333759 572333759 45561261 45561261 45561261 45561261 45561261 45561261 45561261 45561261 45561261 45561261 496257208 496257208 496257208 496257208 496257208
43
734577446 734577446 161757123 161757123 161757123 161757123 161757123 463084149 463084149 463084149 463084149 463084149 463084149 779523108 779523108 779523108 779523108 573270959 573270959 837521693 837521693 837521693 837521693 837521693 837521693 837521693 837521693 837521693 765386784 765386784 765386784 765386784 765386784 765386784 797327278 797327278 797327278 797327278 797327278 797327278 797327278 797327278 95578989
50
839443257 839443257 839443257 839443257 839443257 206772190 206772190 206772190 206772190 2538243 2538243 2538243 2538243 316199392 316199392 316199392 316199392 316199392 316199392 316199392 316199392 316199392 143428867 143428867 444269802 444269802 444269802 444269802 444269802 444269802 444269802 444269802 444269802 444269802 399396555 399396555 399396555 676307491 676307491 676307491 676307491 676307491 676307491 676307491 676307491 676307491 676307491 229529968 229529968 210885304
45
669654276 669654276 298857756 298857756 298857756 298857756 298857756 298857756 298857756 298857756 298857756 298857756 582967016 582967016 582967016 582967016 874817094 874817094 874817094 874817094 874817094 874817094 874817094 686565666 686565666 686565666 686565666 686565666 334839150 334839150 334839150 334839150 175481598 395323248 395323248 395323248 395323248 395323248 395323248 395323248 395323248 395323248 215670629 362834510 36279103
49
945295031 945295031 945295031 945295031 945295031 945295031 945295031 370984559 370984559 370984559 957809785 957809785 956414768 415302420 56035150 56035150 56035150 431901550 510987078 510987078 775313705 775313705 775313705 775313705 775313705 775313705 775313705 775313705 775313705 775313705 658167237 658167237 658167237 658167237 658167237 658167237 658167237 658167237 658167237 658167237 261843704 261843704 261843704 261843704 261843704 724699692 724699692 724699692 203729094
43
143386338 143386338 143386338 143386338 143386338 143386338 143386338 57599635 57599635 57599635 57599635 57599635 57599635 398201685 398201685 398201685 398201685 398201685 398201685 398201685 398201685 398201685 398201685 77118375 77118375 77118375 77118375 77118375 77118375 77118375 77118375 77118375 77118375 57079802 57079802 57079802 181901583 848718321 848718321 848718321 848718321 848718321 848718321
